2 2 2 2 0.15 2 2 2 2 2 2 2 2 2 0.55 
2 2 2 2 2 2 0.95 2 2 2 2 2 2 2 0.275 
2 2 2 0.55 2 0.875 0.425 0.225 2 2 2 2 2 2 2 
2 2 0.425 2 2 2 2 0.3 2 2 2 2 2 2 2 
0.525 2 2 2 2 2 2 2 2 2 2 2 2 2 0.65 
2 2 0.5 2 2 2 2 2 0.65 0.225 0.325 2 2 2 0.6 
2 0.925 0.425 2 2 2 2 2 2 2 0.25 2 0 2 2 
2 2 0.275 0.35 2 2 2 2 2 2 2 2 0.725 2 2 
2 2 2 2 2 0.075 2 2 2 0.35 2 2 2 2 0.875 
2 2 2 2 2 2 2 2 0.675 2 0.625 2 2 2 2 
2 2 2 2 2 0.0999997 0.0999997 2 2 0.525 2 0.725 0.775 2 2 
2 2 2 2 2 2 2 2 2 2 0.9 2 0.25 2 2 
2 2 2 2 2 2 0 0.55 2 2 0.75 0.125 2 0.925 2 
2 2 2 2 2 2 2 2 2 2 2 2 0.95 2 2 
0.4 0.05 2 2 0.325 0.675 2 2 0.925 2 2 2 2 2 2 
